+----------------------------------------------------------------------------------------------------------------------------------------+
|Fréquence théo (Hz)|Fréquence exp (Hz)|Mesure période 1|Mesure période 2|Mesure période 3|Mesure période 4|Mesure période 5|Moyenne (µs)|
+----------------------------------------------------------------------------------------------------------------------------------------+
|20                 |20,5              |48816           |48836           |48844           |48848           |48844           |48837,6     |
|22,2               |22,8              |43940           |43924           |43952           |43552           |43916           |43856,8     |
|25                 |25,7              |38864           |38872           |38872           |38860           |38892           |38872       |
|28,6               |29,5              |33860           |33884           |33864           |33872           |33888           |33873,6     |
|33,3               |34,6              |28868           |28896           |28856           |28896           |28876           |28878,4     |
|40                 |41,9              |23872           |23900           |23868           |23896           |23880           |23883,2     |
|50                 |53                |18876           |18896           |18872           |18896           |18888           |18885,6     |
|66,7               |72                |13880           |13884           |13896           |13880           |13896           |13887,2     |
|100                |111,8             |8948            |8944            |8968            |8924            |8944            |8945,6      |
|200                |273,3             |3660            |3660            |3656            |3660            |3660            |3659,2      |
+----------------------------------------------------------------------------------------------------------------------------------------+